25601
18955
14867
24086
27676
5669
17958
29741
18993
25650
8760
1102
22607
2142
14942
27745
33382
24683
13423
26754
33410
22149
32392
9353
4746
28818
29336
7840
30375
20140
5810
32948
10933
25270
1209
28349
15563
11984
25307
18654
21222
27881
4841
10474
1778
4359
5926
4915
28984
34625
2884
31045
15178
13133
32593
34654
1894
19814
20843
25965
25966
33172
25495
8098
16292
5031
19374
21940
10677
3521
3013
13768
17358
32722
11219
3027
25046
3546
24047
6142
33791