12300
20
20510
33
34849
32806
54
18488
56
4157
34880
34885
34915
8300
16492
12401
32899
20632
6297
34973
157
6302
2208
24733
14498
30884
24743
18599
4270
12473
4287
26816
20673
18627
10450
30938
6364
20708
30954
20719
24824
12553
24845
28944
12564
33055
12576
33078
22845
28990
33088
28997
28998
24909
16721
12646
22910
16768
31104
31108
12688
31147
20908
10668
10682
442
6593
12738
22984
460
10701
4569
8668
29150
6626
12770
14832
23029
29177
16892
31229
4615
18952
4617
25119
18978
2602
10798
31278
16943
23095
585
12884
6741
10838
4697
2651
14945
25196
19052
27249
29297
2678
33398
29305
21117
12925
4740
6793
33421
17046
27296
29346
29358
19119
2736
31410
10932
2754
33479
21195
25293
31439
19152
23260
17118
2785
15081
4844
23281
4849
33534
29450
4877
33553
787
19221
2839
11036
27429
6957
4915
21302
33591
25400
27453
27454
25409
2887
9035
9038
849
2900
2903
29536
13154
17250
2916
29543
15207
21357
9085
893
9088
15240
21400
2971
19357
25504
11171
7079
25517
13239
17336
15289
17338
9150
23505
21459
5077
17365
3033
13277
3042
23541
15350
27646
31744
31754
15376
21534
1055
21547
21549
15409
27707
19517
7232
15425
13378
17500
15455
11375
17520
33904
17524
17526
21623
19585
31874
11396
11400
27798
33963
15533
23732
25785
27833
17602
19652
17612
31955
29910
25833
15594
11501
13551
29940
11509
27897
5371
21756
21757
11520
11525
19720
34061
9487
19730
5397
21784
13593
29983
9516
32045
5422
32046
17717
27968
17732
21828
19782
21831
19786
15692
5465
19804
3421
30047
19809
11617
3426
9574
7535
21872
9609
23954
11668
15765
3479
30115
7615
13768
13770
11723
24012
24011
19919
9687
9695
34280
7662
17903
7677
17917
9734
15885
11795
19989
30229
7713
9763
20006
1583
20024
22086
5709
11863
11880
30323
34424
11897
24203
11926
32417
18081
32418
22181
18087
13999
34496
5829
9933
3794
28371
5853
16105
12010
34542
9967
20208
14072
7940
22277
30476
5901
26384
3858
34583
22295
26398
24357
18213
26413
26433
10051
12116
22358
16217
1890
14178
3951
16244
6008
30587
20355
20367
20369
26517
14236
32671
10156
18353
1971
18357
20416
6081
1985
8131
22494
2024
28648
14321
12274
28661
16375
